Time,EcoName,ActiveCount,AvgLiveB,AvgAG_NPP,AvgLitterB,AvgDefoliation,
5, MN101, 1881, 3091.24401913876, 0, 185.577352472089, 0, 
5, MN102, 7920, 2941.7547979798, 80.5400120612544, 165.577651515152, 0, 
10, MN101, 1881, 5675.73258904838, 595.292943310719, 293.859649122807, 0, 
10, MN102, 7920, 6187.67828282828, 740.257651552385, 371.153156565657, 0, 
15, MN101, 1881, 5139.75810738969, 565.146110272402, 284.0552897395, 0, 
15, MN102, 7920, 5626.38005050505, 664.798632936009, 344.242929292929, 0, 
20, MN101, 1881, 9632.03827751196, 738.386280703871, 370.333333333333, 0, 
20, MN102, 7920, 5179.29659090909, 334.066695719916, 190.423232323232, 0, 
25, MN101, 1881, 4821.03934077618, 299.699676104812, 191.478468899522, 0, 
25, MN102, 7920, 4260.44848484848, 329.883188776533, 194.154671717172, 0, 
30, MN101, 1881, 2842.46092503987, 179.281541428293, 105.934077618288, 0, 
30, MN102, 7920, 4728.99103535354, 329.091306163406, 187.004292929293, 0, 
