Time,EcoName,ActiveCount,AvgLiveB,AvgAG_NPP,AvgLitterB,AvgDefoliation,
5, MN101, 1881, 3091.24401913876, 0, 185.577352472089, 0, 
5, MN102, 7920, 2941.7547979798, 80.5400120612544, 165.577651515152, 0, 
10, MN101, 1881, 5675.73258904838, 595.292943310719, 293.859649122807, 0, 
10, MN102, 7920, 6187.67828282828, 740.257651552385, 371.153156565657, 0, 
15, MN101, 1881, 5139.75810738969, 565.146110272402, 284.0552897395, 0, 
15, MN102, 7920, 5626.38005050505, 664.798632936009, 344.242929292929, 0, 
20, MN101, 1881, 9888.36788942052, 756.126281593734, 377.948431685274, 0, 
20, MN102, 7920, 8500.84633838384, 644.250823245312, 345.515404040404, 0, 
25, MN101, 1881, 9208.61350345561, 727.94500596421, 368.870813397129, 0, 
25, MN102, 7920, 7495.07348484848, 631.816155124845, 346.740277777778, 0, 
30, MN101, 1881, 12518.3997873472, 852.644064788138, 429.632110579479, 0, 
30, MN102, 7920, 8826.93068181818, 647.398719958646, 346.924116161616, 0, 
