Time,EcoName,ActiveCount,AvgLiveB,AvgAG_NPP,AvgLitterB,AvgDefoliation,
5, MN101, 1881, 3034.49867091972, 0, 184.778309409888, 0, 
5, MN102, 7920, 2529.17840909091, 63.5574590129843, 148.552651515152, 0, 
10, MN101, 1881, 4806.84582668793, 466.798235990088, 241.321637426901, 0, 
10, MN102, 7920, 3680.11123737374, 382.480050345291, 210.736994949495, 0, 
15, MN101, 1881, 1493.8591174907, 65.7048698026254, 78.5108984582669, 0, 
15, MN102, 7920, 2965.3154040404, 294.618025864634, 168.782954545455, 0, 
20, MN101, 1881, 885.104731525784, 12.2184880687903, 22.1047315257842, 0, 
20, MN102, 7920, 4319.16035353535, 295.598464524142, 168.041792929293, 0, 
25, MN101, 1881, 576.146198830409, 0, 13.3269537480064, 0, 
25, MN102, 7920, 3556.36376262626, 261.724115778717, 155.633585858586, 0, 
30, MN101, 1881, 454.356725146199, 0, 9.47049441786284, 0, 
30, MN102, 7920, 4035.20025252525, 274.349359296571, 155.899116161616, 0, 
