Time,EcoName,ActiveCount,AvgLiveB,AvgAG_NPP,AvgLitterB,AvgDefoliation,
5, MN101, 1881, 3026.06911217438, 0, 185.086124401914, 0, 
5, MN102, 7920, 2606.3172979798, 52.6764220299615, 149.447601010101, 0, 
10, MN101, 1881, 5431.99893673578, 555.869076432075, 279.409888357257, 0, 
10, MN102, 7920, 5672.34292929293, 683.030643507504, 342.012752525253, 0, 
15, MN101, 1881, 4886.17756512493, 534.97778553011, 271.162147793727, 0, 
15, MN102, 7920, 4846.45618686869, 565.167973613202, 296.085353535354, 0, 
20, MN101, 1881, 9199.08931419458, 702.197917376766, 352.703349282297, 0, 
20, MN102, 7920, 7712.2327020202, 623.331708015508, 327.057323232323, 0, 
25, MN101, 1881, 8289.46517809676, 664.670204002003, 339.869750132908, 0, 
25, MN102, 7920, 6715.3, 596.816940531826, 322.209722222222, 0, 
30, MN101, 1881, 11679.2604997342, 828.4267351738, 417.567251461988, 0, 
30, MN102, 7920, 8169.8553030303, 629.227424334997, 333.799116161616, 0, 
